@relation NNGC1_dataset_F1_V1_006
@attribute TimeStamp real [5, 1739]
@attribute Lag04 real [317, 18771]
@attribute Lag03 real [317, 18771]
@attribute Lag02 real [317, 18771]
@attribute Lag01 real [317, 18771]
@attribute Lag00 real [317, 18771]
@inputs Lag04, Lag03, Lag02, Lag01
@outputs Lag00
@data
5, 317, 549, 790, 1219, 1964
6, 549, 790, 1219, 1964, 3021
7, 790, 1219, 1964, 3021, 3607
8, 1219, 1964, 3021, 3607, 4297
9, 1964, 3021, 3607, 4297, 4862
10, 3021, 3607, 4297, 4862, 5816
11, 3607, 4297, 4862, 5816, 6517
12, 4297, 4862, 5816, 6517, 6742
13, 4862, 5816, 6517, 6742, 7419
14, 5816, 6517, 6742, 7419, 5985
15, 6517, 6742, 7419, 5985, 5127
16, 6742, 7419, 5985, 5127, 3601
17, 7419, 5985, 5127, 3601, 2964
18, 5985, 5127, 3601, 2964, 1895
19, 5127, 3601, 2964, 1895, 1513
20, 3601, 2964, 1895, 1513, 1039
21, 2964, 1895, 1513, 1039, 1027
22, 1895, 1513, 1039, 1027, 2501
23, 1513, 1039, 1027, 2501, 8744
24, 1039, 1027, 2501, 8744, 15004
25, 1027, 2501, 8744, 15004, 9604
26, 2501, 8744, 15004, 9604, 6218
27, 8744, 15004, 9604, 6218, 5983
28, 15004, 9604, 6218, 5983, 6755
29, 9604, 6218, 5983, 6755, 7274
30, 6218, 5983, 6755, 7274, 7131
31, 5983, 6755, 7274, 7131, 8060
32, 6755, 7274, 7131, 8060, 10273
33, 7274, 7131, 8060, 10273, 12959
34, 7131, 8060, 10273, 12959, 10772
35, 8060, 10273, 12959, 10772, 7545
36, 10273, 12959, 10772, 7545, 4688
37, 12959, 10772, 7545, 4688, 3262
38, 10772, 7545, 4688, 3262, 2018
39, 7545, 4688, 3262, 2018, 1466
40, 4688, 3262, 2018, 1466, 692
41, 3262, 2018, 1466, 692, 960
42, 2018, 1466, 692, 960, 2445
43, 1466, 692, 960, 2445, 9038
44, 692, 960, 2445, 9038, 15697
45, 960, 2445, 9038, 15697, 11082
46, 2445, 9038, 15697, 11082, 6893
47, 9038, 15697, 11082, 6893, 6274
48, 15697, 11082, 6893, 6274, 7104
49, 11082, 6893, 6274, 7104, 7849
50, 6893, 6274, 7104, 7849, 7183
51, 6274, 7104, 7849, 7183, 8342
52, 7104, 7849, 7183, 8342, 10122
53, 7849, 7183, 8342, 10122, 13249
54, 7183, 8342, 10122, 13249, 10995
55, 8342, 10122, 13249, 10995, 7970
56, 10122, 13249, 10995, 7970, 4769
57, 13249, 10995, 7970, 4769, 2853
58, 10995, 7970, 4769, 2853, 2009
59, 7970, 4769, 2853, 2009, 1664
60, 4769, 2853, 2009, 1664, 707
61, 2853, 2009, 1664, 707, 1155
62, 2009, 1664, 707, 1155, 2667
63, 1664, 707, 1155, 2667, 9354
64, 707, 1155, 2667, 9354, 15827
65, 1155, 2667, 9354, 15827, 10760
66, 2667, 9354, 15827, 10760, 7088
67, 9354, 15827, 10760, 7088, 6269
68, 15827, 10760, 7088, 6269, 7719
69, 10760, 7088, 6269, 7719, 7781
70, 7088, 6269, 7719, 7781, 8325
71, 6269, 7719, 7781, 8325, 9321
72, 7719, 7781, 8325, 9321, 10919
73, 7781, 8325, 9321, 10919, 14469
74, 8325, 9321, 10919, 14469, 12295
75, 9321, 10919, 14469, 12295, 8977
76, 10919, 14469, 12295, 8977, 5597
77, 14469, 12295, 8977, 5597, 3793
78, 12295, 8977, 5597, 3793, 2311
79, 8977, 5597, 3793, 2311, 1772
80, 5597, 3793, 2311, 1772, 853
81, 3793, 2311, 1772, 853, 1046
82, 2311, 1772, 853, 1046, 2620
83, 1772, 853, 1046, 2620, 9767
84, 853, 1046, 2620, 9767, 17621
85, 1046, 2620, 9767, 17621, 11360
86, 2620, 9767, 17621, 11360, 7141
87, 9767, 17621, 11360, 7141, 6547
88, 17621, 11360, 7141, 6547, 7394
89, 11360, 7141, 6547, 7394, 8384
90, 7141, 6547, 7394, 8384, 7573
91, 6547, 7394, 8384, 7573, 8592
92, 7394, 8384, 7573, 8592, 10450
93, 8384, 7573, 8592, 10450, 13708
94, 7573, 8592, 10450, 13708, 11739
95, 8592, 10450, 13708, 11739, 8726
96, 10450, 13708, 11739, 8726, 5431
97, 13708, 11739, 8726, 5431, 3595
98, 11739, 8726, 5431, 3595, 2410
99, 8726, 5431, 3595, 2410, 2051
100, 5431, 3595, 2410, 2051, 949
101, 3595, 2410, 2051, 949, 1291
102, 2410, 2051, 949, 1291, 2686
103, 2051, 949, 1291, 2686, 9574
104, 949, 1291, 2686, 9574, 16877
105, 1291, 2686, 9574, 16877, 11224
106, 2686, 9574, 16877, 11224, 7463
107, 9574, 16877, 11224, 7463, 7159
108, 16877, 11224, 7463, 7159, 8406
109, 11224, 7463, 7159, 8406, 8596
110, 7463, 7159, 8406, 8596, 8178
111, 7159, 8406, 8596, 8178, 9088
112, 8406, 8596, 8178, 9088, 11109
113, 8596, 8178, 9088, 11109, 12931
114, 8178, 9088, 11109, 12931, 10591
115, 9088, 11109, 12931, 10591, 8697
116, 11109, 12931, 10591, 8697, 5701
117, 12931, 10591, 8697, 5701, 3966
118, 10591, 8697, 5701, 3966, 2773
119, 8697, 5701, 3966, 2773, 2489
120, 5701, 3966, 2773, 2489, 1444
121, 3966, 2773, 2489, 1444, 717
122, 2773, 2489, 1444, 717, 1056
123, 2489, 1444, 717, 1056, 2305
124, 1444, 717, 1056, 2305, 3911
125, 717, 1056, 2305, 3911, 5105
126, 1056, 2305, 3911, 5105, 5721
127, 2305, 3911, 5105, 5721, 6466
128, 3911, 5105, 5721, 6466, 7155
129, 5105, 5721, 6466, 7155, 8036
130, 5721, 6466, 7155, 8036, 9072
131, 6466, 7155, 8036, 9072, 10479
132, 7155, 8036, 9072, 10479, 10619
133, 8036, 9072, 10479, 10619, 11326
134, 9072, 10479, 10619, 11326, 9990
135, 10479, 10619, 11326, 9990, 8859
136, 10619, 11326, 9990, 8859, 5978
137, 11326, 9990, 8859, 5978, 4301
138, 9990, 8859, 5978, 4301, 3139
139, 8859, 5978, 4301, 3139, 3032
140, 5978, 4301, 3139, 3032, 2159
141, 4301, 3139, 3032, 2159, 465
142, 3139, 3032, 2159, 465, 589
143, 3032, 2159, 465, 589, 870
144, 2159, 465, 589, 870, 1508
145, 465, 589, 870, 1508, 2473
146, 589, 870, 1508, 2473, 3400
147, 870, 1508, 2473, 3400, 4111
148, 1508, 2473, 3400, 4111, 4978
149, 2473, 3400, 4111, 4978, 5289
150, 3400, 4111, 4978, 5289, 6151
151, 4111, 4978, 5289, 6151, 6821
152, 4978, 5289, 6151, 6821, 6761
153, 5289, 6151, 6821, 6761, 7463
154, 6151, 6821, 6761, 7463, 6579
155, 6821, 6761, 7463, 6579, 5560
156, 6761, 7463, 6579, 5560, 3829
157, 7463, 6579, 5560, 3829, 2993
158, 6579, 5560, 3829, 2993, 1954
159, 5560, 3829, 2993, 1954, 1769
160, 3829, 2993, 1954, 1769, 1948
161, 2993, 1954, 1769, 1948, 1144
162, 1954, 1769, 1948, 1144, 2657
163, 1769, 1948, 1144, 2657, 9723
164, 1948, 1144, 2657, 9723, 17449
165, 1144, 2657, 9723, 17449, 11176
166, 2657, 9723, 17449, 11176, 6758
167, 9723, 17449, 11176, 6758, 6213
168, 17449, 11176, 6758, 6213, 7148
169, 11176, 6758, 6213, 7148, 7959
170, 6758, 6213, 7148, 7959, 7616
171, 6213, 7148, 7959, 7616, 8340
172, 7148, 7959, 7616, 8340, 10252
173, 7959, 7616, 8340, 10252, 13603
174, 7616, 8340, 10252, 13603, 11444
175, 8340, 10252, 13603, 11444, 8318
176, 10252, 13603, 11444, 8318, 5189
177, 13603, 11444, 8318, 5189, 3353
178, 11444, 8318, 5189, 3353, 2350
179, 8318, 5189, 3353, 2350, 1597
180, 5189, 3353, 2350, 1597, 806
181, 3353, 2350, 1597, 806, 1119
182, 2350, 1597, 806, 1119, 2969
183, 1597, 806, 1119, 2969, 10388
184, 806, 1119, 2969, 10388, 18099
185, 1119, 2969, 10388, 18099, 11864
186, 2969, 10388, 18099, 11864, 7348
187, 10388, 18099, 11864, 7348, 6670
188, 18099, 11864, 7348, 6670, 7692
189, 11864, 7348, 6670, 7692, 8578
190, 7348, 6670, 7692, 8578, 7766
191, 6670, 7692, 8578, 7766, 8876
192, 7692, 8578, 7766, 8876, 10514
193, 8578, 7766, 8876, 10514, 13267
194, 7766, 8876, 10514, 13267, 11581
195, 8876, 10514, 13267, 11581, 8472
196, 10514, 13267, 11581, 8472, 4969
197, 13267, 11581, 8472, 4969, 2968
198, 11581, 8472, 4969, 2968, 2325
199, 8472, 4969, 2968, 2325, 1925
200, 4969, 2968, 2325, 1925, 866
201, 2968, 2325, 1925, 866, 1127
202, 2325, 1925, 866, 1127, 2778
203, 1925, 866, 1127, 2778, 10030
204, 866, 1127, 2778, 10030, 17123
205, 1127, 2778, 10030, 17123, 12078
206, 2778, 10030, 17123, 12078, 7968
207, 10030, 17123, 12078, 7968, 7292
208, 17123, 12078, 7968, 7292, 8658
209, 12078, 7968, 7292, 8658, 9665
210, 7968, 7292, 8658, 9665, 9268
211, 7292, 8658, 9665, 9268, 9836
212, 8658, 9665, 9268, 9836, 11295
213, 9665, 9268, 9836, 11295, 14886
214, 9268, 9836, 11295, 14886, 12910
215, 9836, 11295, 14886, 12910, 9649
216, 11295, 14886, 12910, 9649, 6094
217, 14886, 12910, 9649, 6094, 3968
218, 12910, 9649, 6094, 3968, 2553
219, 9649, 6094, 3968, 2553, 2094
220, 6094, 3968, 2553, 2094, 1022
221, 3968, 2553, 2094, 1022, 1083
222, 2553, 2094, 1022, 1083, 2861
223, 2094, 1022, 1083, 2861, 10225
224, 1022, 1083, 2861, 10225, 18036
225, 1083, 2861, 10225, 18036, 12205
226, 2861, 10225, 18036, 12205, 7655
227, 10225, 18036, 12205, 7655, 6836
228, 18036, 12205, 7655, 6836, 8095
229, 12205, 7655, 6836, 8095, 8916
230, 7655, 6836, 8095, 8916, 8484
231, 6836, 8095, 8916, 8484, 8882
232, 8095, 8916, 8484, 8882, 11290
233, 8916, 8484, 8882, 11290, 14374
234, 8484, 8882, 11290, 14374, 12383
235, 8882, 11290, 14374, 12383, 9842
236, 11290, 14374, 12383, 9842, 5929
237, 14374, 12383, 9842, 5929, 3829
238, 12383, 9842, 5929, 3829, 2638
239, 9842, 5929, 3829, 2638, 2293
240, 5929, 3829, 2638, 2293, 1091
241, 3829, 2638, 2293, 1091, 1257
242, 2638, 2293, 1091, 1257, 2855
243, 2293, 1091, 1257, 2855, 9772
244, 1091, 1257, 2855, 9772, 17318
245, 1257, 2855, 9772, 17318, 12017
246, 2855, 9772, 17318, 12017, 7957
247, 9772, 17318, 12017, 7957, 7464
248, 17318, 12017, 7957, 7464, 8717
249, 12017, 7957, 7464, 8717, 9210
250, 7957, 7464, 8717, 9210, 9071
251, 7464, 8717, 9210, 9071, 9954
252, 8717, 9210, 9071, 9954, 12399
253, 9210, 9071, 9954, 12399, 14121
254, 9071, 9954, 12399, 14121, 11861
255, 9954, 12399, 14121, 11861, 9722
256, 12399, 14121, 11861, 9722, 6122
257, 14121, 11861, 9722, 6122, 4166
258, 11861, 9722, 6122, 4166, 2899
259, 9722, 6122, 4166, 2899, 2621
260, 6122, 4166, 2899, 2621, 1581
261, 4166, 2899, 2621, 1581, 699
262, 2899, 2621, 1581, 699, 1172
263, 2621, 1581, 699, 1172, 2638
264, 1581, 699, 1172, 2638, 4452
265, 699, 1172, 2638, 4452, 5895
266, 1172, 2638, 4452, 5895, 6746
267, 2638, 4452, 5895, 6746, 7449
268, 4452, 5895, 6746, 7449, 8090
269, 5895, 6746, 7449, 8090, 9043
270, 6746, 7449, 8090, 9043, 10877
271, 7449, 8090, 9043, 10877, 11863
272, 8090, 9043, 10877, 11863, 12194
273, 9043, 10877, 11863, 12194, 12955
274, 10877, 11863, 12194, 12955, 11531
275, 11863, 12194, 12955, 11531, 9468
276, 12194, 12955, 11531, 9468, 6048
277, 12955, 11531, 9468, 6048, 4323
278, 11531, 9468, 6048, 4323, 3189
279, 9468, 6048, 4323, 3189, 3118
280, 6048, 4323, 3189, 3118, 2153
281, 4323, 3189, 3118, 2153, 508
282, 3189, 3118, 2153, 508, 631
283, 3118, 2153, 508, 631, 973
284, 2153, 508, 631, 973, 1688
285, 508, 631, 973, 1688, 2904
286, 631, 973, 1688, 2904, 4136
287, 973, 1688, 2904, 4136, 4797
288, 1688, 2904, 4136, 4797, 5416
289, 2904, 4136, 4797, 5416, 5986
290, 4136, 4797, 5416, 5986, 7000
291, 4797, 5416, 5986, 7000, 7398
292, 5416, 5986, 7000, 7398, 7581
293, 5986, 7000, 7398, 7581, 8156
294, 7000, 7398, 7581, 8156, 7788
295, 7398, 7581, 8156, 7788, 6190
296, 7581, 8156, 7788, 6190, 3957
297, 8156, 7788, 6190, 3957, 3005
298, 7788, 6190, 3957, 3005, 1932
299, 6190, 3957, 3005, 1932, 1859
300, 3957, 3005, 1932, 1859, 1956
301, 3005, 1932, 1859, 1956, 1212
302, 1932, 1859, 1956, 1212, 2815
303, 1859, 1956, 1212, 2815, 9725
304, 1956, 1212, 2815, 9725, 17243
305, 1212, 2815, 9725, 17243, 11233
306, 2815, 9725, 17243, 11233, 7042
307, 9725, 17243, 11233, 7042, 6411
308, 17243, 11233, 7042, 6411, 7418
309, 11233, 7042, 6411, 7418, 8327
310, 7042, 6411, 7418, 8327, 7589
311, 6411, 7418, 8327, 7589, 8583
312, 7418, 8327, 7589, 8583, 10844
313, 8327, 7589, 8583, 10844, 13089
314, 7589, 8583, 10844, 13089, 11461
315, 8583, 10844, 13089, 11461, 8656
316, 10844, 13089, 11461, 8656, 5301
317, 13089, 11461, 8656, 5301, 3267
318, 11461, 8656, 5301, 3267, 2069
319, 8656, 5301, 3267, 2069, 1476
320, 5301, 3267, 2069, 1476, 695
321, 3267, 2069, 1476, 695, 1089
322, 2069, 1476, 695, 1089, 2891
323, 1476, 695, 1089, 2891, 10180
324, 695, 1089, 2891, 10180, 18236
325, 1089, 2891, 10180, 18236, 11901
326, 2891, 10180, 18236, 11901, 7605
327, 10180, 18236, 11901, 7605, 6977
328, 18236, 11901, 7605, 6977, 7862
329, 11901, 7605, 6977, 7862, 8714
330, 7605, 6977, 7862, 8714, 7683
331, 6977, 7862, 8714, 7683, 8497
332, 7862, 8714, 7683, 8497, 10870
333, 8714, 7683, 8497, 10870, 13723
334, 7683, 8497, 10870, 13723, 12687
335, 8497, 10870, 13723, 12687, 9306
336, 10870, 13723, 12687, 9306, 5245
337, 13723, 12687, 9306, 5245, 2780
338, 12687, 9306, 5245, 2780, 2174
339, 9306, 5245, 2780, 2174, 1804
340, 5245, 2780, 2174, 1804, 799
341, 2780, 2174, 1804, 799, 1118
342, 2174, 1804, 799, 1118, 2701
343, 1804, 799, 1118, 2701, 9580
344, 799, 1118, 2701, 9580, 16075
345, 1118, 2701, 9580, 16075, 10928
346, 2701, 9580, 16075, 10928, 6779
347, 9580, 16075, 10928, 6779, 6242
348, 16075, 10928, 6779, 6242, 7423
349, 10928, 6779, 6242, 7423, 8269
350, 6779, 6242, 7423, 8269, 8225
351, 6242, 7423, 8269, 8225, 9076
352, 7423, 8269, 8225, 9076, 10741
353, 8269, 8225, 9076, 10741, 12436
354, 8225, 9076, 10741, 12436, 10784
355, 9076, 10741, 12436, 10784, 8467
356, 10741, 12436, 10784, 8467, 5530
357, 12436, 10784, 8467, 5530, 3582
358, 10784, 8467, 5530, 3582, 2289
359, 8467, 5530, 3582, 2289, 2034
360, 5530, 3582, 2289, 2034, 957
361, 3582, 2289, 2034, 957, 1069
362, 2289, 2034, 957, 1069, 2625
363, 2034, 957, 1069, 2625, 8712
364, 957, 1069, 2625, 8712, 16690
365, 1069, 2625, 8712, 16690, 11203
366, 2625, 8712, 16690, 11203, 7354
367, 8712, 16690, 11203, 7354, 6897
368, 16690, 11203, 7354, 6897, 7846
369, 11203, 7354, 6897, 7846, 9207
370, 7354, 6897, 7846, 9207, 9028
371, 6897, 7846, 9207, 9028, 9243
372, 7846, 9207, 9028, 9243, 10788
373, 9207, 9028, 9243, 10788, 13143
374, 9028, 9243, 10788, 13143, 11850
375, 9243, 10788, 13143, 11850, 8875
376, 10788, 13143, 11850, 8875, 5342
377, 13143, 11850, 8875, 5342, 3272
378, 11850, 8875, 5342, 3272, 2460
379, 8875, 5342, 3272, 2460, 2103
380, 5342, 3272, 2460, 2103, 1013
381, 3272, 2460, 2103, 1013, 1221
382, 2460, 2103, 1013, 1221, 2772
383, 2103, 1013, 1221, 2772, 9340
384, 1013, 1221, 2772, 9340, 17158
385, 1221, 2772, 9340, 17158, 11413
386, 2772, 9340, 17158, 11413, 7386
387, 9340, 17158, 11413, 7386, 7068
388, 17158, 11413, 7386, 7068, 8336
389, 11413, 7386, 7068, 8336, 8584
390, 7386, 7068, 8336, 8584, 8380
391, 7068, 8336, 8584, 8380, 9327
392, 8336, 8584, 8380, 9327, 11701
393, 8584, 8380, 9327, 11701, 13781
394, 8380, 9327, 11701, 13781, 11820
395, 9327, 11701, 13781, 11820, 9388
396, 11701, 13781, 11820, 9388, 5842
397, 13781, 11820, 9388, 5842, 3959
398, 11820, 9388, 5842, 3959, 2779
399, 9388, 5842, 3959, 2779, 2600
400, 5842, 3959, 2779, 2600, 1419
401, 3959, 2779, 2600, 1419, 673
402, 2779, 2600, 1419, 673, 1056
403, 2600, 1419, 673, 1056, 2526
404, 1419, 673, 1056, 2526, 4167
405, 673, 1056, 2526, 4167, 5198
406, 1056, 2526, 4167, 5198, 6149
407, 2526, 4167, 5198, 6149, 6572
408, 4167, 5198, 6149, 6572, 7339
409, 5198, 6149, 6572, 7339, 8360
410, 6149, 6572, 7339, 8360, 9731
411, 6572, 7339, 8360, 9731, 10814
412, 7339, 8360, 9731, 10814, 10967
413, 8360, 9731, 10814, 10967, 12027
414, 9731, 10814, 10967, 12027, 11059
415, 10814, 10967, 12027, 11059, 9384
416, 10967, 12027, 11059, 9384, 5964
417, 12027, 11059, 9384, 5964, 4361
418, 11059, 9384, 5964, 4361, 3109
419, 9384, 5964, 4361, 3109, 3067
420, 5964, 4361, 3109, 3067, 2161
421, 4361, 3109, 3067, 2161, 423
422, 3109, 3067, 2161, 423, 611
423, 3067, 2161, 423, 611, 874
424, 2161, 423, 611, 874, 1648
425, 423, 611, 874, 1648, 2571
426, 611, 874, 1648, 2571, 3393
427, 874, 1648, 2571, 3393, 4356
428, 1648, 2571, 3393, 4356, 4932
429, 2571, 3393, 4356, 4932, 5430
430, 3393, 4356, 4932, 5430, 5992
431, 4356, 4932, 5430, 5992, 6832
432, 4932, 5430, 5992, 6832, 6747
433, 5430, 5992, 6832, 6747, 7466
434, 5992, 6832, 6747, 7466, 6780
435, 6832, 6747, 7466, 6780, 5708
436, 6747, 7466, 6780, 5708, 3878
437, 7466, 6780, 5708, 3878, 2960
438, 6780, 5708, 3878, 2960, 1837
439, 5708, 3878, 2960, 1837, 1714
440, 3878, 2960, 1837, 1714, 1859
441, 2960, 1837, 1714, 1859, 1326
442, 1837, 1714, 1859, 1326, 2892
443, 1714, 1859, 1326, 2892, 9332
444, 1859, 1326, 2892, 9332, 16981
445, 1326, 2892, 9332, 16981, 11085
446, 2892, 9332, 16981, 11085, 6919
447, 9332, 16981, 11085, 6919, 6356
448, 16981, 11085, 6919, 6356, 7136
449, 11085, 6919, 6356, 7136, 8184
450, 6919, 6356, 7136, 8184, 7471
451, 6356, 7136, 8184, 7471, 8440
452, 7136, 8184, 7471, 8440, 10218
453, 8184, 7471, 8440, 10218, 13231
454, 7471, 8440, 10218, 13231, 11461
455, 8440, 10218, 13231, 11461, 8208
456, 10218, 13231, 11461, 8208, 5115
457, 13231, 11461, 8208, 5115, 3355
458, 11461, 8208, 5115, 3355, 2107
459, 8208, 5115, 3355, 2107, 1567
460, 5115, 3355, 2107, 1567, 666
461, 3355, 2107, 1567, 666, 1264
462, 2107, 1567, 666, 1264, 2977
463, 1567, 666, 1264, 2977, 9980
464, 666, 1264, 2977, 9980, 18412
465, 1264, 2977, 9980, 18412, 11667
466, 2977, 9980, 18412, 11667, 7298
467, 9980, 18412, 11667, 7298, 6679
468, 18412, 11667, 7298, 6679, 7733
469, 11667, 7298, 6679, 7733, 8756
470, 7298, 6679, 7733, 8756, 7631
471, 6679, 7733, 8756, 7631, 8216
472, 7733, 8756, 7631, 8216, 10789
473, 8756, 7631, 8216, 10789, 13445
474, 7631, 8216, 10789, 13445, 11962
475, 8216, 10789, 13445, 11962, 8908
476, 10789, 13445, 11962, 8908, 5107
477, 13445, 11962, 8908, 5107, 3232
478, 11962, 8908, 5107, 3232, 2272
479, 8908, 5107, 3232, 2272, 1885
480, 5107, 3232, 2272, 1885, 751
481, 3232, 2272, 1885, 751, 1176
482, 2272, 1885, 751, 1176, 2860
483, 1885, 751, 1176, 2860, 9701
484, 751, 1176, 2860, 9701, 16611
485, 1176, 2860, 9701, 16611, 11632
486, 2860, 9701, 16611, 11632, 7330
487, 9701, 16611, 11632, 7330, 6657
488, 16611, 11632, 7330, 6657, 8081
489, 11632, 7330, 6657, 8081, 8698
490, 7330, 6657, 8081, 8698, 8302
491, 6657, 8081, 8698, 8302, 8793
492, 8081, 8698, 8302, 8793, 10164
493, 8698, 8302, 8793, 10164, 13194
494, 8302, 8793, 10164, 13194, 11966
495, 8793, 10164, 13194, 11966, 9204
496, 10164, 13194, 11966, 9204, 5780
497, 13194, 11966, 9204, 5780, 3841
498, 11966, 9204, 5780, 3841, 2461
499, 9204, 5780, 3841, 2461, 1963
500, 5780, 3841, 2461, 1963, 883
501, 3841, 2461, 1963, 883, 1094
502, 2461, 1963, 883, 1094, 2812
503, 1963, 883, 1094, 2812, 9635
504, 883, 1094, 2812, 9635, 17839
505, 1094, 2812, 9635, 17839, 11795
506, 2812, 9635, 17839, 11795, 7316
507, 9635, 17839, 11795, 7316, 6496
508, 17839, 11795, 7316, 6496, 7524
509, 11795, 7316, 6496, 7524, 8125
510, 7316, 6496, 7524, 8125, 7710
511, 6496, 7524, 8125, 7710, 8589
512, 7524, 8125, 7710, 8589, 10613
513, 8125, 7710, 8589, 10613, 13487
514, 7710, 8589, 10613, 13487, 12195
515, 8589, 10613, 13487, 12195, 9537
516, 10613, 13487, 12195, 9537, 5805
517, 13487, 12195, 9537, 5805, 3830
518, 12195, 9537, 5805, 3830, 2559
519, 9537, 5805, 3830, 2559, 2010
520, 5805, 3830, 2559, 2010, 992
521, 3830, 2559, 2010, 992, 1141
522, 2559, 2010, 992, 1141, 2747
523, 2010, 992, 1141, 2747, 9316
524, 992, 1141, 2747, 9316, 17176
525, 1141, 2747, 9316, 17176, 11696
526, 2747, 9316, 17176, 11696, 7716
527, 9316, 17176, 11696, 7716, 7293
528, 17176, 11696, 7716, 7293, 8453
529, 11696, 7716, 7293, 8453, 8483
530, 7716, 7293, 8453, 8483, 8368
531, 7293, 8453, 8483, 8368, 9330
532, 8453, 8483, 8368, 9330, 11810
533, 8483, 8368, 9330, 11810, 13539
534, 8368, 9330, 11810, 13539, 11321
535, 9330, 11810, 13539, 11321, 9470
536, 11810, 13539, 11321, 9470, 5949
537, 13539, 11321, 9470, 5949, 4006
538, 11321, 9470, 5949, 4006, 2723
539, 9470, 5949, 4006, 2723, 2721
540, 5949, 4006, 2723, 2721, 1306
541, 4006, 2723, 2721, 1306, 573
542, 2723, 2721, 1306, 573, 1057
543, 2721, 1306, 573, 1057, 2510
544, 1306, 573, 1057, 2510, 4496
545, 573, 1057, 2510, 4496, 5393
546, 1057, 2510, 4496, 5393, 6174
547, 2510, 4496, 5393, 6174, 6760
548, 4496, 5393, 6174, 6760, 7369
549, 5393, 6174, 6760, 7369, 8302
550, 6174, 6760, 7369, 8302, 9767
551, 6760, 7369, 8302, 9767, 10612
552, 7369, 8302, 9767, 10612, 11365
553, 8302, 9767, 10612, 11365, 11804
554, 9767, 10612, 11365, 11804, 11298
555, 10612, 11365, 11804, 11298, 9973
556, 11365, 11804, 11298, 9973, 6409
557, 11804, 11298, 9973, 6409, 4331
558, 11298, 9973, 6409, 4331, 3064
559, 9973, 6409, 4331, 3064, 3136
560, 6409, 4331, 3064, 3136, 2042
561, 4331, 3064, 3136, 2042, 439
562, 3064, 3136, 2042, 439, 607
563, 3136, 2042, 439, 607, 944
564, 2042, 439, 607, 944, 1770
565, 439, 607, 944, 1770, 2557
566, 607, 944, 1770, 2557, 3491
567, 944, 1770, 2557, 3491, 4048
568, 1770, 2557, 3491, 4048, 4861
569, 2557, 3491, 4048, 4861, 5279
570, 3491, 4048, 4861, 5279, 6071
571, 4048, 4861, 5279, 6071, 6480
572, 4861, 5279, 6071, 6480, 6798
573, 5279, 6071, 6480, 6798, 7064
574, 6071, 6480, 6798, 7064, 6440
575, 6480, 6798, 7064, 6440, 5456
576, 6798, 7064, 6440, 5456, 3858
577, 7064, 6440, 5456, 3858, 2915
578, 6440, 5456, 3858, 2915, 2039
579, 5456, 3858, 2915, 2039, 1840
580, 3858, 2915, 2039, 1840, 1992
581, 2915, 2039, 1840, 1992, 1183
582, 2039, 1840, 1992, 1183, 2712
583, 1840, 1992, 1183, 2712, 9039
584, 1992, 1183, 2712, 9039, 16610
585, 1183, 2712, 9039, 16610, 10969
586, 2712, 9039, 16610, 10969, 6785
587, 9039, 16610, 10969, 6785, 6333
588, 16610, 10969, 6785, 6333, 7075
589, 10969, 6785, 6333, 7075, 8030
590, 6785, 6333, 7075, 8030, 7333
591, 6333, 7075, 8030, 7333, 8523
592, 7075, 8030, 7333, 8523, 10429
593, 8030, 7333, 8523, 10429, 13180
594, 7333, 8523, 10429, 13180, 11400
595, 8523, 10429, 13180, 11400, 7866
596, 10429, 13180, 11400, 7866, 4402
597, 13180, 11400, 7866, 4402, 2548
598, 11400, 7866, 4402, 2548, 1708
599, 7866, 4402, 2548, 1708, 1468
600, 4402, 2548, 1708, 1468, 624
601, 2548, 1708, 1468, 624, 1081
602, 1708, 1468, 624, 1081, 2870
603, 1468, 624, 1081, 2870, 10166
604, 624, 1081, 2870, 10166, 17912
605, 1081, 2870, 10166, 17912, 11265
606, 2870, 10166, 17912, 11265, 7272
607, 10166, 17912, 11265, 7272, 6616
608, 17912, 11265, 7272, 6616, 7497
609, 11265, 7272, 6616, 7497, 8375
610, 7272, 6616, 7497, 8375, 7672
611, 6616, 7497, 8375, 7672, 8169
612, 7497, 8375, 7672, 8169, 10563
613, 8375, 7672, 8169, 10563, 13215
614, 7672, 8169, 10563, 13215, 11827
615, 8169, 10563, 13215, 11827, 8872
616, 10563, 13215, 11827, 8872, 5287
617, 13215, 11827, 8872, 5287, 2973
618, 11827, 8872, 5287, 2973, 2154
619, 8872, 5287, 2973, 2154, 1813
620, 5287, 2973, 2154, 1813, 704
621, 2973, 2154, 1813, 704, 1177
622, 2154, 1813, 704, 1177, 2820
623, 1813, 704, 1177, 2820, 9615
624, 704, 1177, 2820, 9615, 16768
625, 1177, 2820, 9615, 16768, 11205
626, 2820, 9615, 16768, 11205, 6975
627, 9615, 16768, 11205, 6975, 6327
628, 16768, 11205, 6975, 6327, 7771
629, 11205, 6975, 6327, 7771, 8688
630, 6975, 6327, 7771, 8688, 8397
631, 6327, 7771, 8688, 8397, 8838
632, 7771, 8688, 8397, 8838, 10645
633, 8688, 8397, 8838, 10645, 13524
634, 8397, 8838, 10645, 13524, 12133
635, 8838, 10645, 13524, 12133, 8999
636, 10645, 13524, 12133, 8999, 5499
637, 13524, 12133, 8999, 5499, 3633
638, 12133, 8999, 5499, 3633, 2245
639, 8999, 5499, 3633, 2245, 1902
640, 5499, 3633, 2245, 1902, 906
641, 3633, 2245, 1902, 906, 948
642, 2245, 1902, 906, 948, 2738
643, 1902, 906, 948, 2738, 9806
644, 906, 948, 2738, 9806, 17759
645, 948, 2738, 9806, 17759, 11482
646, 2738, 9806, 17759, 11482, 7073
647, 9806, 17759, 11482, 7073, 6369
648, 17759, 11482, 7073, 6369, 7277
649, 11482, 7073, 6369, 7277, 8531
650, 7073, 6369, 7277, 8531, 7863
651, 6369, 7277, 8531, 7863, 8530
652, 7277, 8531, 7863, 8530, 11031
653, 8531, 7863, 8530, 11031, 13432
654, 7863, 8530, 11031, 13432, 11809
655, 8530, 11031, 13432, 11809, 9183
656, 11031, 13432, 11809, 9183, 5474
657, 13432, 11809, 9183, 5474, 3477
658, 11809, 9183, 5474, 3477, 2445
659, 9183, 5474, 3477, 2445, 2234
660, 5474, 3477, 2445, 2234, 1086
661, 3477, 2445, 2234, 1086, 1099
662, 2445, 2234, 1086, 1099, 2765
663, 2234, 1086, 1099, 2765, 9440
664, 1086, 1099, 2765, 9440, 16972
665, 1099, 2765, 9440, 16972, 11285
666, 2765, 9440, 16972, 11285, 7048
667, 9440, 16972, 11285, 7048, 6808
668, 16972, 11285, 7048, 6808, 8149
669, 11285, 7048, 6808, 8149, 8521
670, 7048, 6808, 8149, 8521, 8412
671, 6808, 8149, 8521, 8412, 9014
672, 8149, 8521, 8412, 9014, 11486
673, 8521, 8412, 9014, 11486, 13251
674, 8412, 9014, 11486, 13251, 11692
675, 9014, 11486, 13251, 11692, 9639
676, 11486, 13251, 11692, 9639, 5785
677, 13251, 11692, 9639, 5785, 4012
678, 11692, 9639, 5785, 4012, 2866
679, 9639, 5785, 4012, 2866, 2492
680, 5785, 4012, 2866, 2492, 1455
681, 4012, 2866, 2492, 1455, 658
682, 2866, 2492, 1455, 658, 1102
683, 2492, 1455, 658, 1102, 2429
684, 1455, 658, 1102, 2429, 4140
685, 658, 1102, 2429, 4140, 5286
686, 1102, 2429, 4140, 5286, 6042
687, 2429, 4140, 5286, 6042, 6688
688, 4140, 5286, 6042, 6688, 7471
689, 5286, 6042, 6688, 7471, 8930
690, 6042, 6688, 7471, 8930, 10709
691, 6688, 7471, 8930, 10709, 11056
692, 7471, 8930, 10709, 11056, 11491
693, 8930, 10709, 11056, 11491, 12231
694, 10709, 11056, 11491, 12231, 11486
695, 11056, 11491, 12231, 11486, 10126
696, 11491, 12231, 11486, 10126, 6349
697, 12231, 11486, 10126, 6349, 4146
698, 11486, 10126, 6349, 4146, 3141
699, 10126, 6349, 4146, 3141, 3053
700, 6349, 4146, 3141, 3053, 2191
701, 4146, 3141, 3053, 2191, 447
702, 3141, 3053, 2191, 447, 582
703, 3053, 2191, 447, 582, 912
704, 2191, 447, 582, 912, 1833
705, 447, 582, 912, 1833, 2750
706, 582, 912, 1833, 2750, 3618
707, 912, 1833, 2750, 3618, 4170
708, 1833, 2750, 3618, 4170, 4965
709, 2750, 3618, 4170, 4965, 5496
710, 3618, 4170, 4965, 5496, 6497
711, 4170, 4965, 5496, 6497, 6680
712, 4965, 5496, 6497, 6680, 6848
713, 5496, 6497, 6680, 6848, 7510
714, 6497, 6680, 6848, 7510, 7399
715, 6680, 6848, 7510, 7399, 6447
716, 6848, 7510, 7399, 6447, 4460
717, 7510, 7399, 6447, 4460, 3171
718, 7399, 6447, 4460, 3171, 1929
719, 6447, 4460, 3171, 1929, 1936
720, 4460, 3171, 1929, 1936, 1958
721, 3171, 1929, 1936, 1958, 1227
722, 1929, 1936, 1958, 1227, 2700
723, 1936, 1958, 1227, 2700, 9647
724, 1958, 1227, 2700, 9647, 16965
725, 1227, 2700, 9647, 16965, 11113
726, 2700, 9647, 16965, 11113, 7027
727, 9647, 16965, 11113, 7027, 6415
728, 16965, 11113, 7027, 6415, 7125
729, 11113, 7027, 6415, 7125, 8281
730, 7027, 6415, 7125, 8281, 7634
731, 6415, 7125, 8281, 7634, 8649
732, 7125, 8281, 7634, 8649, 10720
733, 8281, 7634, 8649, 10720, 13576
734, 7634, 8649, 10720, 13576, 11935
735, 8649, 10720, 13576, 11935, 8750
736, 10720, 13576, 11935, 8750, 5259
737, 13576, 11935, 8750, 5259, 3309
738, 11935, 8750, 5259, 3309, 2260
739, 8750, 5259, 3309, 2260, 1634
740, 5259, 3309, 2260, 1634, 719
741, 3309, 2260, 1634, 719, 1280
742, 2260, 1634, 719, 1280, 2774
743, 1634, 719, 1280, 2774, 10201
744, 719, 1280, 2774, 10201, 18447
745, 1280, 2774, 10201, 18447, 11961
746, 2774, 10201, 18447, 11961, 7548
747, 10201, 18447, 11961, 7548, 7135
748, 18447, 11961, 7548, 7135, 7934
749, 11961, 7548, 7135, 7934, 8576
750, 7548, 7135, 7934, 8576, 7620
751, 7135, 7934, 8576, 7620, 8542
752, 7934, 8576, 7620, 8542, 10792
753, 8576, 7620, 8542, 10792, 13845
754, 7620, 8542, 10792, 13845, 12542
755, 8542, 10792, 13845, 12542, 9335
756, 10792, 13845, 12542, 9335, 5495
757, 13845, 12542, 9335, 5495, 3180
758, 12542, 9335, 5495, 3180, 2431
759, 9335, 5495, 3180, 2431, 2038
760, 5495, 3180, 2431, 2038, 833
761, 3180, 2431, 2038, 833, 1121
762, 2431, 2038, 833, 1121, 2677
763, 2038, 833, 1121, 2677, 9793
764, 833, 1121, 2677, 9793, 16604
765, 1121, 2677, 9793, 16604, 11439
766, 2677, 9793, 16604, 11439, 7184
767, 9793, 16604, 11439, 7184, 6717
768, 16604, 11439, 7184, 6717, 8004
769, 11439, 7184, 6717, 8004, 9018
770, 7184, 6717, 8004, 9018, 8702
771, 6717, 8004, 9018, 8702, 9048
772, 8004, 9018, 8702, 9048, 10567
773, 9018, 8702, 9048, 10567, 13882
774, 8702, 9048, 10567, 13882, 12328
775, 9048, 10567, 13882, 12328, 9532
776, 10567, 13882, 12328, 9532, 5705
777, 13882, 12328, 9532, 5705, 3648
778, 12328, 9532, 5705, 3648, 2500
779, 9532, 5705, 3648, 2500, 2324
780, 5705, 3648, 2500, 2324, 1044
781, 3648, 2500, 2324, 1044, 1185
782, 2500, 2324, 1044, 1185, 2760
783, 2324, 1044, 1185, 2760, 9973
784, 1044, 1185, 2760, 9973, 18150
785, 1185, 2760, 9973, 18150, 11639
786, 2760, 9973, 18150, 11639, 6552
787, 9973, 18150, 11639, 6552, 6180
788, 18150, 11639, 6552, 6180, 7025
789, 11639, 6552, 6180, 7025, 8147
790, 6552, 6180, 7025, 8147, 7629
791, 6180, 7025, 8147, 7629, 8573
792, 7025, 8147, 7629, 8573, 10734
793, 8147, 7629, 8573, 10734, 12800
794, 7629, 8573, 10734, 12800, 11279
795, 8573, 10734, 12800, 11279, 8569
796, 10734, 12800, 11279, 8569, 5786
797, 12800, 11279, 8569, 5786, 3847
798, 11279, 8569, 5786, 3847, 2721
799, 8569, 5786, 3847, 2721, 2236
800, 5786, 3847, 2721, 2236, 1155
801, 3847, 2721, 2236, 1155, 1153
802, 2721, 2236, 1155, 1153, 2964
803, 2236, 1155, 1153, 2964, 9614
804, 1155, 1153, 2964, 9614, 17518
805, 1153, 2964, 9614, 17518, 11614
806, 2964, 9614, 17518, 11614, 7777
807, 9614, 17518, 11614, 7777, 7387
808, 17518, 11614, 7777, 7387, 8506
809, 11614, 7777, 7387, 8506, 8825
810, 7777, 7387, 8506, 8825, 8740
811, 7387, 8506, 8825, 8740, 9655
812, 8506, 8825, 8740, 9655, 11712
813, 8825, 8740, 9655, 11712, 13395
814, 8740, 9655, 11712, 13395, 11592
815, 9655, 11712, 13395, 11592, 9815
816, 11712, 13395, 11592, 9815, 6227
817, 13395, 11592, 9815, 6227, 4082
818, 11592, 9815, 6227, 4082, 2974
819, 9815, 6227, 4082, 2974, 2640
820, 6227, 4082, 2974, 2640, 1478
821, 4082, 2974, 2640, 1478, 606
822, 2974, 2640, 1478, 606, 1046
823, 2640, 1478, 606, 1046, 2594
824, 1478, 606, 1046, 2594, 4343
825, 606, 1046, 2594, 4343, 5389
826, 1046, 2594, 4343, 5389, 6167
827, 2594, 4343, 5389, 6167, 6878
828, 4343, 5389, 6167, 6878, 7444
829, 5389, 6167, 6878, 7444, 8792
830, 6167, 6878, 7444, 8792, 9910
831, 6878, 7444, 8792, 9910, 10831
832, 7444, 8792, 9910, 10831, 11495
833, 8792, 9910, 10831, 11495, 12034
834, 9910, 10831, 11495, 12034, 11423
835, 10831, 11495, 12034, 11423, 9898
836, 11495, 12034, 11423, 9898, 6600
837, 12034, 11423, 9898, 6600, 4357
838, 11423, 9898, 6600, 4357, 3369
839, 9898, 6600, 4357, 3369, 3423
840, 6600, 4357, 3369, 3423, 2278
841, 4357, 3369, 3423, 2278, 487
842, 3369, 3423, 2278, 487, 675
843, 3423, 2278, 487, 675, 930
844, 2278, 487, 675, 930, 1753
845, 487, 675, 930, 1753, 2625
846, 675, 930, 1753, 2625, 3759
847, 930, 1753, 2625, 3759, 4555
848, 1753, 2625, 3759, 4555, 5381
849, 2625, 3759, 4555, 5381, 5513
850, 3759, 4555, 5381, 5513, 6200
851, 4555, 5381, 5513, 6200, 6632
852, 5381, 5513, 6200, 6632, 7689
853, 5513, 6200, 6632, 7689, 7467
854, 6200, 6632, 7689, 7467, 7390
855, 6632, 7689, 7467, 7390, 6222
856, 7689, 7467, 7390, 6222, 4200
857, 7467, 7390, 6222, 4200, 3148
858, 7390, 6222, 4200, 3148, 1889
859, 6222, 4200, 3148, 1889, 1924
860, 4200, 3148, 1889, 1924, 2081
861, 3148, 1889, 1924, 2081, 1109
862, 1889, 1924, 2081, 1109, 2682
863, 1924, 2081, 1109, 2682, 9506
864, 2081, 1109, 2682, 9506, 17286
865, 1109, 2682, 9506, 17286, 11174
866, 2682, 9506, 17286, 11174, 7133
867, 9506, 17286, 11174, 7133, 6553
868, 17286, 11174, 7133, 6553, 7485
869, 11174, 7133, 6553, 7485, 8425
870, 7133, 6553, 7485, 8425, 7849
871, 6553, 7485, 8425, 7849, 8587
872, 7485, 8425, 7849, 8587, 10917
873, 8425, 7849, 8587, 10917, 13938
874, 7849, 8587, 10917, 13938, 11922
875, 8587, 10917, 13938, 11922, 8984
876, 10917, 13938, 11922, 8984, 5687
877, 13938, 11922, 8984, 5687, 3719
878, 11922, 8984, 5687, 3719, 2316
879, 8984, 5687, 3719, 2316, 1843
880, 5687, 3719, 2316, 1843, 814
881, 3719, 2316, 1843, 814, 1193
882, 2316, 1843, 814, 1193, 2808
883, 1843, 814, 1193, 2808, 9856
884, 814, 1193, 2808, 9856, 17995
885, 1193, 2808, 9856, 17995, 12219
886, 2808, 9856, 17995, 12219, 7657
887, 9856, 17995, 12219, 7657, 7078
888, 17995, 12219, 7657, 7078, 7908
889, 12219, 7657, 7078, 7908, 8990
890, 7657, 7078, 7908, 8990, 8547
891, 7078, 7908, 8990, 8547, 9261
892, 7908, 8990, 8547, 9261, 10935
893, 8990, 8547, 9261, 10935, 13513
894, 8547, 9261, 10935, 13513, 12364
895, 9261, 10935, 13513, 12364, 9547
896, 10935, 13513, 12364, 9547, 5756
897, 13513, 12364, 9547, 5756, 3461
898, 12364, 9547, 5756, 3461, 2444
899, 9547, 5756, 3461, 2444, 2028
900, 5756, 3461, 2444, 2028, 946
901, 3461, 2444, 2028, 946, 1398
902, 2444, 2028, 946, 1398, 2988
903, 2028, 946, 1398, 2988, 9860
904, 946, 1398, 2988, 9860, 17122
905, 1398, 2988, 9860, 17122, 11307
906, 2988, 9860, 17122, 11307, 7288
907, 9860, 17122, 11307, 7288, 6591
908, 17122, 11307, 7288, 6591, 7969
909, 11307, 7288, 6591, 7969, 8671
910, 7288, 6591, 7969, 8671, 8786
911, 6591, 7969, 8671, 8786, 9263
912, 7969, 8671, 8786, 9263, 10832
913, 8671, 8786, 9263, 10832, 13664
914, 8786, 9263, 10832, 13664, 12315
915, 9263, 10832, 13664, 12315, 9563
916, 10832, 13664, 12315, 9563, 5922
917, 13664, 12315, 9563, 5922, 3871
918, 12315, 9563, 5922, 3871, 2506
919, 9563, 5922, 3871, 2506, 2126
920, 5922, 3871, 2506, 2126, 972
921, 3871, 2506, 2126, 972, 1101
922, 2506, 2126, 972, 1101, 2509
923, 2126, 972, 1101, 2509, 9914
924, 972, 1101, 2509, 9914, 18140
925, 1101, 2509, 9914, 18140, 11823
926, 2509, 9914, 18140, 11823, 7415
927, 9914, 18140, 11823, 7415, 6733
928, 18140, 11823, 7415, 6733, 7826
929, 11823, 7415, 6733, 7826, 8345
930, 7415, 6733, 7826, 8345, 8182
931, 6733, 7826, 8345, 8182, 8871
932, 7826, 8345, 8182, 8871, 10758
933, 8345, 8182, 8871, 10758, 13965
934, 8182, 8871, 10758, 13965, 12341
935, 8871, 10758, 13965, 12341, 9661
936, 10758, 13965, 12341, 9661, 6091
937, 13965, 12341, 9661, 6091, 3921
938, 12341, 9661, 6091, 3921, 2734
939, 9661, 6091, 3921, 2734, 2410
940, 6091, 3921, 2734, 2410, 1110
941, 3921, 2734, 2410, 1110, 1149
942, 2734, 2410, 1110, 1149, 2671
943, 2410, 1110, 1149, 2671, 9378
944, 1110, 1149, 2671, 9378, 16815
945, 1149, 2671, 9378, 16815, 11135
946, 2671, 9378, 16815, 11135, 7592
947, 9378, 16815, 11135, 7592, 7089
948, 16815, 11135, 7592, 7089, 8349
949, 11135, 7592, 7089, 8349, 8506
950, 7592, 7089, 8349, 8506, 8724
951, 7089, 8349, 8506, 8724, 9521
952, 8349, 8506, 8724, 9521, 11766
953, 8506, 8724, 9521, 11766, 13929
954, 8724, 9521, 11766, 13929, 11694
955, 9521, 11766, 13929, 11694, 9788
956, 11766, 13929, 11694, 9788, 6210
957, 13929, 11694, 9788, 6210, 4231
958, 11694, 9788, 6210, 4231, 3117
959, 9788, 6210, 4231, 3117, 2812
960, 6210, 4231, 3117, 2812, 1538
961, 4231, 3117, 2812, 1538, 768
962, 3117, 2812, 1538, 768, 1141
963, 2812, 1538, 768, 1141, 2373
964, 1538, 768, 1141, 2373, 3859
965, 768, 1141, 2373, 3859, 5021
966, 1141, 2373, 3859, 5021, 5491
967, 2373, 3859, 5021, 5491, 6198
968, 3859, 5021, 5491, 6198, 6758
969, 5021, 5491, 6198, 6758, 7517
970, 5491, 6198, 6758, 7517, 8919
971, 6198, 6758, 7517, 8919, 10268
972, 6758, 7517, 8919, 10268, 10642
973, 7517, 8919, 10268, 10642, 11281
974, 8919, 10268, 10642, 11281, 10561
975, 10268, 10642, 11281, 10561, 9317
976, 10642, 11281, 10561, 9317, 6031
977, 11281, 10561, 9317, 6031, 4258
978, 10561, 9317, 6031, 4258, 3062
979, 9317, 6031, 4258, 3062, 3018
980, 6031, 4258, 3062, 3018, 2173
981, 4258, 3062, 3018, 2173, 479
982, 3062, 3018, 2173, 479, 632
983, 3018, 2173, 479, 632, 924
984, 2173, 479, 632, 924, 1623
985, 479, 632, 924, 1623, 2341
986, 632, 924, 1623, 2341, 3347
987, 924, 1623, 2341, 3347, 4071
988, 1623, 2341, 3347, 4071, 4743
989, 2341, 3347, 4071, 4743, 5313
990, 3347, 4071, 4743, 5313, 5955
991, 4071, 4743, 5313, 5955, 6557
992, 4743, 5313, 5955, 6557, 6425
993, 5313, 5955, 6557, 6425, 7338
994, 5955, 6557, 6425, 7338, 6868
995, 6557, 6425, 7338, 6868, 5786
996, 6425, 7338, 6868, 5786, 4155
997, 7338, 6868, 5786, 4155, 3044
998, 6868, 5786, 4155, 3044, 1894
999, 5786, 4155, 3044, 1894, 1954
1000, 4155, 3044, 1894, 1954, 1869
1001, 3044, 1894, 1954, 1869, 1294
1002, 1894, 1954, 1869, 1294, 2670
1003, 1954, 1869, 1294, 2670, 7049
1004, 1869, 1294, 2670, 7049, 13862
1005, 1294, 2670, 7049, 13862, 9866
1006, 2670, 7049, 13862, 9866, 6505
1007, 7049, 13862, 9866, 6505, 6061
1008, 13862, 9866, 6505, 6061, 6815
1009, 9866, 6505, 6061, 6815, 7882
1010, 6505, 6061, 6815, 7882, 8022
1011, 6061, 6815, 7882, 8022, 8412
1012, 6815, 7882, 8022, 8412, 9581
1013, 7882, 8022, 8412, 9581, 12173
1014, 8022, 8412, 9581, 12173, 11287
1015, 8412, 9581, 12173, 11287, 8633
1016, 9581, 12173, 11287, 8633, 5065
1017, 12173, 11287, 8633, 5065, 3127
1018, 11287, 8633, 5065, 3127, 2097
1019, 8633, 5065, 3127, 2097, 1635
1020, 5065, 3127, 2097, 1635, 816
1021, 3127, 2097, 1635, 816, 1241
1022, 2097, 1635, 816, 1241, 2588
1023, 1635, 816, 1241, 2588, 7432
1024, 816, 1241, 2588, 7432, 14983
1025, 1241, 2588, 7432, 14983, 10639
1026, 2588, 7432, 14983, 10639, 6995
1027, 7432, 14983, 10639, 6995, 6530
1028, 14983, 10639, 6995, 6530, 7189
1029, 10639, 6995, 6530, 7189, 8215
1030, 6995, 6530, 7189, 8215, 8102
1031, 6530, 7189, 8215, 8102, 8093
1032, 7189, 8215, 8102, 8093, 9409
1033, 8215, 8102, 8093, 9409, 12132
1034, 8102, 8093, 9409, 12132, 10823
1035, 8093, 9409, 12132, 10823, 8513
1036, 9409, 12132, 10823, 8513, 5046
1037, 12132, 10823, 8513, 5046, 2735
1038, 10823, 8513, 5046, 2735, 2232
1039, 8513, 5046, 2735, 2232, 1791
1040, 5046, 2735, 2232, 1791, 801
1041, 2735, 2232, 1791, 801, 1264
1042, 2232, 1791, 801, 1264, 2608
1043, 1791, 801, 1264, 2608, 7554
1044, 801, 1264, 2608, 7554, 15332
1045, 1264, 2608, 7554, 15332, 12010
1046, 2608, 7554, 15332, 12010, 7591
1047, 7554, 15332, 12010, 7591, 6779
1048, 15332, 12010, 7591, 6779, 7199
1049, 12010, 7591, 6779, 7199, 8135
1050, 7591, 6779, 7199, 8135, 8369
1051, 6779, 7199, 8135, 8369, 8454
1052, 7199, 8135, 8369, 8454, 9748
1053, 8135, 8369, 8454, 9748, 12373
1054, 8369, 8454, 9748, 12373, 11436
1055, 8454, 9748, 12373, 11436, 9154
1056, 9748, 12373, 11436, 9154, 5655
1057, 12373, 11436, 9154, 5655, 3505
1058, 11436, 9154, 5655, 3505, 2395
1059, 9154, 5655, 3505, 2395, 2137
1060, 5655, 3505, 2395, 2137, 896
1061, 3505, 2395, 2137, 896, 1230
1062, 2395, 2137, 896, 1230, 2596
1063, 2137, 896, 1230, 2596, 7257
1064, 896, 1230, 2596, 7257, 14870
1065, 1230, 2596, 7257, 14870, 10590
1066, 2596, 7257, 14870, 10590, 7002
1067, 7257, 14870, 10590, 7002, 6242
1068, 14870, 10590, 7002, 6242, 7194
1069, 10590, 7002, 6242, 7194, 8008
1070, 7002, 6242, 7194, 8008, 8232
1071, 6242, 7194, 8008, 8232, 8714
1072, 7194, 8008, 8232, 8714, 10149
1073, 8008, 8232, 8714, 10149, 12265
1074, 8232, 8714, 10149, 12265, 11581
1075, 8714, 10149, 12265, 11581, 9653
1076, 10149, 12265, 11581, 9653, 5487
1077, 12265, 11581, 9653, 5487, 3668
1078, 11581, 9653, 5487, 3668, 2473
1079, 9653, 5487, 3668, 2473, 2272
1080, 5487, 3668, 2473, 2272, 1108
1081, 3668, 2473, 2272, 1108, 1258
1082, 2473, 2272, 1108, 1258, 2452
1083, 2272, 1108, 1258, 2452, 6848
1084, 1108, 1258, 2452, 6848, 13999
1085, 1258, 2452, 6848, 13999, 10521
1086, 2452, 6848, 13999, 10521, 7250
1087, 6848, 13999, 10521, 7250, 6773
1088, 13999, 10521, 7250, 6773, 7733
1089, 10521, 7250, 6773, 7733, 7990
1090, 7250, 6773, 7733, 7990, 8380
1091, 6773, 7733, 7990, 8380, 9046
1092, 7733, 7990, 8380, 9046, 10634
1093, 7990, 8380, 9046, 10634, 12182
1094, 8380, 9046, 10634, 12182, 10721
1095, 9046, 10634, 12182, 10721, 9098
1096, 10634, 12182, 10721, 9098, 5719
1097, 12182, 10721, 9098, 5719, 3885
1098, 10721, 9098, 5719, 3885, 2565
1099, 9098, 5719, 3885, 2565, 2396
1100, 5719, 3885, 2565, 2396, 1357
1101, 3885, 2565, 2396, 1357, 597
1102, 2565, 2396, 1357, 597, 1137
1103, 2396, 1357, 597, 1137, 2097
1104, 1357, 597, 1137, 2097, 3465
1105, 597, 1137, 2097, 3465, 4665
1106, 1137, 2097, 3465, 4665, 5393
1107, 2097, 3465, 4665, 5393, 5822
1108, 3465, 4665, 5393, 5822, 6013
1109, 4665, 5393, 5822, 6013, 6817
1110, 5393, 5822, 6013, 6817, 8426
1111, 5822, 6013, 6817, 8426, 9812
1112, 6013, 6817, 8426, 9812, 9750
1113, 6817, 8426, 9812, 9750, 9894
1114, 8426, 9812, 9750, 9894, 9106
1115, 9812, 9750, 9894, 9106, 8599
1116, 9750, 9894, 9106, 8599, 5858
1117, 9894, 9106, 8599, 5858, 3959
1118, 9106, 8599, 5858, 3959, 2785
1119, 8599, 5858, 3959, 2785, 2809
1120, 5858, 3959, 2785, 2809, 1885
1121, 3959, 2785, 2809, 1885, 484
1122, 2785, 2809, 1885, 484, 715
1123, 2809, 1885, 484, 715, 957
1124, 1885, 484, 715, 957, 1661
1125, 484, 715, 957, 1661, 2567
1126, 715, 957, 1661, 2567, 3390
1127, 957, 1661, 2567, 3390, 3743
1128, 1661, 2567, 3390, 3743, 4681
1129, 2567, 3390, 3743, 4681, 4898
1130, 3390, 3743, 4681, 4898, 5758
1131, 3743, 4681, 4898, 5758, 6383
1132, 4681, 4898, 5758, 6383, 6426
1133, 4898, 5758, 6383, 6426, 6674
1134, 5758, 6383, 6426, 6674, 6337
1135, 6383, 6426, 6674, 6337, 5451
1136, 6426, 6674, 6337, 5451, 3700
1137, 6674, 6337, 5451, 3700, 2919
1138, 6337, 5451, 3700, 2919, 1796
1139, 5451, 3700, 2919, 1796, 1763
1140, 3700, 2919, 1796, 1763, 1824
1141, 2919, 1796, 1763, 1824, 1170
1142, 1796, 1763, 1824, 1170, 2508
1143, 1763, 1824, 1170, 2508, 6942
1144, 1824, 1170, 2508, 6942, 13695
1145, 1170, 2508, 6942, 13695, 9909
1146, 2508, 6942, 13695, 9909, 6500
1147, 6942, 13695, 9909, 6500, 5973
1148, 13695, 9909, 6500, 5973, 6408
1149, 9909, 6500, 5973, 6408, 7447
1150, 6500, 5973, 6408, 7447, 7642
1151, 5973, 6408, 7447, 7642, 8055
1152, 6408, 7447, 7642, 8055, 9075
1153, 7447, 7642, 8055, 9075, 11324
1154, 7642, 8055, 9075, 11324, 10660
1155, 8055, 9075, 11324, 10660, 8450
1156, 9075, 11324, 10660, 8450, 4955
1157, 11324, 10660, 8450, 4955, 3278
1158, 10660, 8450, 4955, 3278, 2080
1159, 8450, 4955, 3278, 2080, 1570
1160, 4955, 3278, 2080, 1570, 447
1161, 3278, 2080, 1570, 447, 1200
1162, 2080, 1570, 447, 1200, 2376
1163, 1570, 447, 1200, 2376, 7319
1164, 447, 1200, 2376, 7319, 14033
1165, 1200, 2376, 7319, 14033, 10317
1166, 2376, 7319, 14033, 10317, 7104
1167, 7319, 14033, 10317, 7104, 6331
1168, 14033, 10317, 7104, 6331, 6954
1169, 10317, 7104, 6331, 6954, 7605
1170, 7104, 6331, 6954, 7605, 7732
1171, 6331, 6954, 7605, 7732, 7916
1172, 6954, 7605, 7732, 7916, 9110
1173, 7605, 7732, 7916, 9110, 11781
1174, 7732, 7916, 9110, 11781, 10773
1175, 7916, 9110, 11781, 10773, 8609
1176, 9110, 11781, 10773, 8609, 5083
1177, 11781, 10773, 8609, 5083, 3031
1178, 10773, 8609, 5083, 3031, 2205
1179, 8609, 5083, 3031, 2205, 1843
1180, 5083, 3031, 2205, 1843, 785
1181, 3031, 2205, 1843, 785, 969
1182, 2205, 1843, 785, 969, 2419
1183, 1843, 785, 969, 2419, 7395
1184, 785, 969, 2419, 7395, 14606
1185, 969, 2419, 7395, 14606, 10805
1186, 2419, 7395, 14606, 10805, 6821
1187, 7395, 14606, 10805, 6821, 6305
1188, 14606, 10805, 6821, 6305, 6842
1189, 10805, 6821, 6305, 6842, 7859
1190, 6821, 6305, 6842, 7859, 8065
1191, 6305, 6842, 7859, 8065, 8535
1192, 6842, 7859, 8065, 8535, 9423
1193, 7859, 8065, 8535, 9423, 11935
1194, 8065, 8535, 9423, 11935, 11177
1195, 8535, 9423, 11935, 11177, 8715
1196, 9423, 11935, 11177, 8715, 5355
1197, 11935, 11177, 8715, 5355, 3474
1198, 11177, 8715, 5355, 3474, 2308
1199, 8715, 5355, 3474, 2308, 2138
1200, 5355, 3474, 2308, 2138, 937
1201, 3474, 2308, 2138, 937, 995
1202, 2308, 2138, 937, 995, 2521
1203, 2138, 937, 995, 2521, 7406
1204, 937, 995, 2521, 7406, 15185
1205, 995, 2521, 7406, 15185, 11957
1206, 2521, 7406, 15185, 11957, 7343
1207, 7406, 15185, 11957, 7343, 6613
1208, 15185, 11957, 7343, 6613, 6907
1209, 11957, 7343, 6613, 6907, 7735
1210, 7343, 6613, 6907, 7735, 7817
1211, 6613, 6907, 7735, 7817, 8296
1212, 6907, 7735, 7817, 8296, 9727
1213, 7735, 7817, 8296, 9727, 11800
1214, 7817, 8296, 9727, 11800, 10993
1215, 8296, 9727, 11800, 10993, 8781
1216, 9727, 11800, 10993, 8781, 5409
1217, 11800, 10993, 8781, 5409, 3653
1218, 10993, 8781, 5409, 3653, 2585
1219, 8781, 5409, 3653, 2585, 2317
1220, 5409, 3653, 2585, 2317, 1089
1221, 3653, 2585, 2317, 1089, 1032
1222, 2585, 2317, 1089, 1032, 2287
1223, 2317, 1089, 1032, 2287, 7123
1224, 1089, 1032, 2287, 7123, 14154
1225, 1032, 2287, 7123, 14154, 10798
1226, 2287, 7123, 14154, 10798, 7336
1227, 7123, 14154, 10798, 7336, 6871
1228, 14154, 10798, 7336, 6871, 7819
1229, 10798, 7336, 6871, 7819, 7726
1230, 7336, 6871, 7819, 7726, 8412
1231, 6871, 7819, 7726, 8412, 9080
1232, 7819, 7726, 8412, 9080, 10732
1233, 7726, 8412, 9080, 10732, 12955
1234, 8412, 9080, 10732, 12955, 11051
1235, 9080, 10732, 12955, 11051, 9309
1236, 10732, 12955, 11051, 9309, 6044
1237, 12955, 11051, 9309, 6044, 4064
1238, 11051, 9309, 6044, 4064, 2763
1239, 9309, 6044, 4064, 2763, 2395
1240, 6044, 4064, 2763, 2395, 1494
1241, 4064, 2763, 2395, 1494, 690
1242, 2763, 2395, 1494, 690, 1069
1243, 2395, 1494, 690, 1069, 2041
1244, 1494, 690, 1069, 2041, 3558
1245, 690, 1069, 2041, 3558, 4988
1246, 1069, 2041, 3558, 4988, 5823
1247, 2041, 3558, 4988, 5823, 6081
1248, 3558, 4988, 5823, 6081, 6499
1249, 4988, 5823, 6081, 6499, 7363
1250, 5823, 6081, 6499, 7363, 8583
1251, 6081, 6499, 7363, 8583, 9608
1252, 6499, 7363, 8583, 9608, 9513
1253, 7363, 8583, 9608, 9513, 10711
1254, 8583, 9608, 9513, 10711, 10250
1255, 9608, 9513, 10711, 10250, 9136
1256, 9513, 10711, 10250, 9136, 5722
1257, 10711, 10250, 9136, 5722, 4032
1258, 10250, 9136, 5722, 4032, 2706
1259, 9136, 5722, 4032, 2706, 2771
1260, 5722, 4032, 2706, 2771, 2030
1261, 4032, 2706, 2771, 2030, 484
1262, 2706, 2771, 2030, 484, 609
1263, 2771, 2030, 484, 609, 886
1264, 2030, 484, 609, 886, 1781
1265, 484, 609, 886, 1781, 2511
1266, 609, 886, 1781, 2511, 3523
1267, 886, 1781, 2511, 3523, 4067
1268, 1781, 2511, 3523, 4067, 4853
1269, 2511, 3523, 4067, 4853, 5341
1270, 3523, 4067, 4853, 5341, 6153
1271, 4067, 4853, 5341, 6153, 6335
1272, 4853, 5341, 6153, 6335, 6087
1273, 5341, 6153, 6335, 6087, 7342
1274, 6153, 6335, 6087, 7342, 6767
1275, 6335, 6087, 7342, 6767, 6220
1276, 6087, 7342, 6767, 6220, 4111
1277, 7342, 6767, 6220, 4111, 3124
1278, 6767, 6220, 4111, 3124, 2077
1279, 6220, 4111, 3124, 2077, 1864
1280, 4111, 3124, 2077, 1864, 1743
1281, 3124, 2077, 1864, 1743, 1181
1282, 2077, 1864, 1743, 1181, 2853
1283, 1864, 1743, 1181, 2853, 9835
1284, 1743, 1181, 2853, 9835, 17211
1285, 1181, 2853, 9835, 17211, 10915
1286, 2853, 9835, 17211, 10915, 6662
1287, 9835, 17211, 10915, 6662, 5877
1288, 17211, 10915, 6662, 5877, 7005
1289, 10915, 6662, 5877, 7005, 7951
1290, 6662, 5877, 7005, 7951, 7210
1291, 5877, 7005, 7951, 7210, 7853
1292, 7005, 7951, 7210, 7853, 9905
1293, 7951, 7210, 7853, 9905, 12637
1294, 7210, 7853, 9905, 12637, 11145
1295, 7853, 9905, 12637, 11145, 8296
1296, 9905, 12637, 11145, 8296, 5282
1297, 12637, 11145, 8296, 5282, 3313
1298, 11145, 8296, 5282, 3313, 2085
1299, 8296, 5282, 3313, 2085, 1568
1300, 5282, 3313, 2085, 1568, 742
1301, 3313, 2085, 1568, 742, 1260
1302, 2085, 1568, 742, 1260, 2815
1303, 1568, 742, 1260, 2815, 10540
1304, 742, 1260, 2815, 10540, 18407
1305, 1260, 2815, 10540, 18407, 11585
1306, 2815, 10540, 18407, 11585, 7573
1307, 10540, 18407, 11585, 7573, 6700
1308, 18407, 11585, 7573, 6700, 7766
1309, 11585, 7573, 6700, 7766, 8518
1310, 7573, 6700, 7766, 8518, 8031
1311, 6700, 7766, 8518, 8031, 8528
1312, 7766, 8518, 8031, 8528, 10765
1313, 8518, 8031, 8528, 10765, 13873
1314, 8031, 8528, 10765, 13873, 11855
1315, 8528, 10765, 13873, 11855, 9157
1316, 10765, 13873, 11855, 9157, 5702
1317, 13873, 11855, 9157, 5702, 3402
1318, 11855, 9157, 5702, 3402, 2478
1319, 9157, 5702, 3402, 2478, 1938
1320, 5702, 3402, 2478, 1938, 798
1321, 3402, 2478, 1938, 798, 1274
1322, 2478, 1938, 798, 1274, 2744
1323, 1938, 798, 1274, 2744, 10118
1324, 798, 1274, 2744, 10118, 17171
1325, 1274, 2744, 10118, 17171, 11482
1326, 2744, 10118, 17171, 11482, 7301
1327, 10118, 17171, 11482, 7301, 6480
1328, 17171, 11482, 7301, 6480, 7897
1329, 11482, 7301, 6480, 7897, 8604
1330, 7301, 6480, 7897, 8604, 8514
1331, 6480, 7897, 8604, 8514, 8949
1332, 7897, 8604, 8514, 8949, 10531
1333, 8604, 8514, 8949, 10531, 13388
1334, 8514, 8949, 10531, 13388, 11483
1335, 8949, 10531, 13388, 11483, 9340
1336, 10531, 13388, 11483, 9340, 5769
1337, 13388, 11483, 9340, 5769, 3438
1338, 11483, 9340, 5769, 3438, 2468
1339, 9340, 5769, 3438, 2468, 2113
1340, 5769, 3438, 2468, 2113, 999
1341, 3438, 2468, 2113, 999, 873
1342, 2468, 2113, 999, 873, 2016
1343, 2113, 999, 873, 2016, 6042
1344, 999, 873, 2016, 6042, 8980
1345, 873, 2016, 6042, 8980, 6769
1346, 2016, 6042, 8980, 6769, 4260
1347, 6042, 8980, 6769, 4260, 3565
1348, 8980, 6769, 4260, 3565, 3671
1349, 6769, 4260, 3565, 3671, 4319
1350, 4260, 3565, 3671, 4319, 4073
1351, 3565, 3671, 4319, 4073, 4697
1352, 3671, 4319, 4073, 4697, 5725
1353, 4319, 4073, 4697, 5725, 6250
1354, 4073, 4697, 5725, 6250, 4935
1355, 4697, 5725, 6250, 4935, 4217
1356, 5725, 6250, 4935, 4217, 2426
1357, 6250, 4935, 4217, 2426, 1276
1358, 4935, 4217, 2426, 1276, 930
1359, 4217, 2426, 1276, 930, 870
1360, 2426, 1276, 930, 870, 743
1361, 1276, 930, 870, 743, 1087
1362, 930, 870, 743, 1087, 2711
1363, 870, 743, 1087, 2711, 9843
1364, 743, 1087, 2711, 9843, 17396
1365, 1087, 2711, 9843, 17396, 11637
1366, 2711, 9843, 17396, 11637, 7671
1367, 9843, 17396, 11637, 7671, 7149
1368, 17396, 11637, 7671, 7149, 8284
1369, 11637, 7671, 7149, 8284, 8583
1370, 7671, 7149, 8284, 8583, 8325
1371, 7149, 8284, 8583, 8325, 9439
1372, 8284, 8583, 8325, 9439, 11300
1373, 8583, 8325, 9439, 11300, 12747
1374, 8325, 9439, 11300, 12747, 10242
1375, 9439, 11300, 12747, 10242, 9085
1376, 11300, 12747, 10242, 9085, 5938
1377, 12747, 10242, 9085, 5938, 4047
1378, 10242, 9085, 5938, 4047, 2819
1379, 9085, 5938, 4047, 2819, 2444
1380, 5938, 4047, 2819, 2444, 857
1381, 4047, 2819, 2444, 857, 668
1382, 2819, 2444, 857, 668, 1150
1383, 2444, 857, 668, 1150, 2687
1384, 857, 668, 1150, 2687, 4522
1385, 668, 1150, 2687, 4522, 5567
1386, 1150, 2687, 4522, 5567, 6006
1387, 2687, 4522, 5567, 6006, 6379
1388, 4522, 5567, 6006, 6379, 7273
1389, 5567, 6006, 6379, 7273, 8275
1390, 6006, 6379, 7273, 8275, 9039
1391, 6379, 7273, 8275, 9039, 10082
1392, 7273, 8275, 9039, 10082, 9964
1393, 8275, 9039, 10082, 9964, 10516
1394, 9039, 10082, 9964, 10516, 10180
1395, 10082, 9964, 10516, 10180, 10073
1396, 9964, 10516, 10180, 10073, 6424
1397, 10516, 10180, 10073, 6424, 4195
1398, 10180, 10073, 6424, 4195, 3241
1399, 10073, 6424, 4195, 3241, 3068
1400, 6424, 4195, 3241, 3068, 2214
1401, 4195, 3241, 3068, 2214, 435
1402, 3241, 3068, 2214, 435, 609
1403, 3068, 2214, 435, 609, 1029
1404, 2214, 435, 609, 1029, 1886
1405, 435, 609, 1029, 1886, 2553
1406, 609, 1029, 1886, 2553, 3525
1407, 1029, 1886, 2553, 3525, 4275
1408, 1886, 2553, 3525, 4275, 4908
1409, 2553, 3525, 4275, 4908, 5393
1410, 3525, 4275, 4908, 5393, 6120
1411, 4275, 4908, 5393, 6120, 6404
1412, 4908, 5393, 6120, 6404, 6600
1413, 5393, 6120, 6404, 6600, 7071
1414, 6120, 6404, 6600, 7071, 6755
1415, 6404, 6600, 7071, 6755, 6222
1416, 6600, 7071, 6755, 6222, 4359
1417, 7071, 6755, 6222, 4359, 3116
1418, 6755, 6222, 4359, 3116, 2025
1419, 6222, 4359, 3116, 2025, 1874
1420, 4359, 3116, 2025, 1874, 1880
1421, 3116, 2025, 1874, 1880, 1076
1422, 2025, 1874, 1880, 1076, 2835
1423, 1874, 1880, 1076, 2835, 9918
1424, 1880, 1076, 2835, 9918, 17282
1425, 1076, 2835, 9918, 17282, 11059
1426, 2835, 9918, 17282, 11059, 6873
1427, 9918, 17282, 11059, 6873, 6243
1428, 17282, 11059, 6873, 6243, 7210
1429, 11059, 6873, 6243, 7210, 7997
1430, 6873, 6243, 7210, 7997, 7190
1431, 6243, 7210, 7997, 7190, 8024
1432, 7210, 7997, 7190, 8024, 10295
1433, 7997, 7190, 8024, 10295, 13071
1434, 7190, 8024, 10295, 13071, 11805
1435, 8024, 10295, 13071, 11805, 8955
1436, 10295, 13071, 11805, 8955, 5405
1437, 13071, 11805, 8955, 5405, 3754
1438, 11805, 8955, 5405, 3754, 2190
1439, 8955, 5405, 3754, 2190, 1634
1440, 5405, 3754, 2190, 1634, 755
1441, 3754, 2190, 1634, 755, 1250
1442, 2190, 1634, 755, 1250, 2969
1443, 1634, 755, 1250, 2969, 10578
1444, 755, 1250, 2969, 10578, 18301
1445, 1250, 2969, 10578, 18301, 11727
1446, 2969, 10578, 18301, 11727, 7453
1447, 10578, 18301, 11727, 7453, 6528
1448, 18301, 11727, 7453, 6528, 7863
1449, 11727, 7453, 6528, 7863, 8410
1450, 7453, 6528, 7863, 8410, 7681
1451, 6528, 7863, 8410, 7681, 8391
1452, 7863, 8410, 7681, 8391, 10586
1453, 8410, 7681, 8391, 10586, 13427
1454, 7681, 8391, 10586, 13427, 11958
1455, 8391, 10586, 13427, 11958, 9552
1456, 10586, 13427, 11958, 9552, 5684
1457, 13427, 11958, 9552, 5684, 3344
1458, 11958, 9552, 5684, 3344, 2575
1459, 9552, 5684, 3344, 2575, 2096
1460, 5684, 3344, 2575, 2096, 851
1461, 3344, 2575, 2096, 851, 1105
1462, 2575, 2096, 851, 1105, 2913
1463, 2096, 851, 1105, 2913, 10038
1464, 851, 1105, 2913, 10038, 16888
1465, 1105, 2913, 10038, 16888, 11528
1466, 2913, 10038, 16888, 11528, 7164
1467, 10038, 16888, 11528, 7164, 6435
1468, 16888, 11528, 7164, 6435, 7884
1469, 11528, 7164, 6435, 7884, 8128
1470, 7164, 6435, 7884, 8128, 8520
1471, 6435, 7884, 8128, 8520, 8887
1472, 7884, 8128, 8520, 8887, 10258
1473, 8128, 8520, 8887, 10258, 13645
1474, 8520, 8887, 10258, 13645, 11998
1475, 8887, 10258, 13645, 11998, 9900
1476, 10258, 13645, 11998, 9900, 5987
1477, 13645, 11998, 9900, 5987, 3835
1478, 11998, 9900, 5987, 3835, 2913
1479, 9900, 5987, 3835, 2913, 2344
1480, 5987, 3835, 2913, 2344, 1058
1481, 3835, 2913, 2344, 1058, 1296
1482, 2913, 2344, 1058, 1296, 2914
1483, 2344, 1058, 1296, 2914, 10060
1484, 1058, 1296, 2914, 10060, 17482
1485, 1296, 2914, 10060, 17482, 12055
1486, 2914, 10060, 17482, 12055, 7456
1487, 10060, 17482, 12055, 7456, 6563
1488, 17482, 12055, 7456, 6563, 7315
1489, 12055, 7456, 6563, 7315, 7931
1490, 7456, 6563, 7315, 7931, 7456
1491, 6563, 7315, 7931, 7456, 8165
1492, 7315, 7931, 7456, 8165, 10453
1493, 7931, 7456, 8165, 10453, 12700
1494, 7456, 8165, 10453, 12700, 12069
1495, 8165, 10453, 12700, 12069, 9775
1496, 10453, 12700, 12069, 9775, 6126
1497, 12700, 12069, 9775, 6126, 3865
1498, 12069, 9775, 6126, 3865, 2883
1499, 9775, 6126, 3865, 2883, 2573
1500, 6126, 3865, 2883, 2573, 1292
1501, 3865, 2883, 2573, 1292, 1077
1502, 2883, 2573, 1292, 1077, 2857
1503, 2573, 1292, 1077, 2857, 9689
1504, 1292, 1077, 2857, 9689, 17293
1505, 1077, 2857, 9689, 17293, 11773
1506, 2857, 9689, 17293, 11773, 7622
1507, 9689, 17293, 11773, 7622, 7066
1508, 17293, 11773, 7622, 7066, 7928
1509, 11773, 7622, 7066, 7928, 8412
1510, 7622, 7066, 7928, 8412, 8021
1511, 7066, 7928, 8412, 8021, 9139
1512, 7928, 8412, 8021, 9139, 11418
1513, 8412, 8021, 9139, 11418, 13077
1514, 8021, 9139, 11418, 13077, 11359
1515, 9139, 11418, 13077, 11359, 10142
1516, 11418, 13077, 11359, 10142, 6487
1517, 13077, 11359, 10142, 6487, 4348
1518, 11359, 10142, 6487, 4348, 3142
1519, 10142, 6487, 4348, 3142, 2753
1520, 6487, 4348, 3142, 2753, 1606
1521, 4348, 3142, 2753, 1606, 609
1522, 3142, 2753, 1606, 609, 1194
1523, 2753, 1606, 609, 1194, 2658
1524, 1606, 609, 1194, 2658, 4489
1525, 609, 1194, 2658, 4489, 5827
1526, 1194, 2658, 4489, 5827, 6284
1527, 2658, 4489, 5827, 6284, 6460
1528, 4489, 5827, 6284, 6460, 7183
1529, 5827, 6284, 6460, 7183, 7799
1530, 6284, 6460, 7183, 7799, 9133
1531, 6460, 7183, 7799, 9133, 9876
1532, 7183, 7799, 9133, 9876, 10239
1533, 7799, 9133, 9876, 10239, 10864
1534, 9133, 9876, 10239, 10864, 10839
1535, 9876, 10239, 10864, 10839, 10115
1536, 10239, 10864, 10839, 10115, 6627
1537, 10864, 10839, 10115, 6627, 4428
1538, 10839, 10115, 6627, 4428, 3400
1539, 10115, 6627, 4428, 3400, 3246
1540, 6627, 4428, 3400, 3246, 2338
1541, 4428, 3400, 3246, 2338, 486
1542, 3400, 3246, 2338, 486, 628
1543, 3246, 2338, 486, 628, 1112
1544, 2338, 486, 628, 1112, 2054
1545, 486, 628, 1112, 2054, 3139
1546, 628, 1112, 2054, 3139, 4137
1547, 1112, 2054, 3139, 4137, 4499
1548, 2054, 3139, 4137, 4499, 5179
1549, 3139, 4137, 4499, 5179, 5757
1550, 4137, 4499, 5179, 5757, 6597
1551, 4499, 5179, 5757, 6597, 6588
1552, 5179, 5757, 6597, 6588, 6566
1553, 5757, 6597, 6588, 6566, 7129
1554, 6597, 6588, 6566, 7129, 6945
1555, 6588, 6566, 7129, 6945, 6530
1556, 6566, 7129, 6945, 6530, 4463
1557, 7129, 6945, 6530, 4463, 3140
1558, 6945, 6530, 4463, 3140, 2114
1559, 6530, 4463, 3140, 2114, 1909
1560, 4463, 3140, 2114, 1909, 1996
1561, 3140, 2114, 1909, 1996, 1059
1562, 2114, 1909, 1996, 1059, 2885
1563, 1909, 1996, 1059, 2885, 9659
1564, 1996, 1059, 2885, 9659, 16990
1565, 1059, 2885, 9659, 16990, 11214
1566, 2885, 9659, 16990, 11214, 6938
1567, 9659, 16990, 11214, 6938, 6230
1568, 16990, 11214, 6938, 6230, 6929
1569, 11214, 6938, 6230, 6929, 7933
1570, 6938, 6230, 6929, 7933, 7072
1571, 6230, 6929, 7933, 7072, 8046
1572, 6929, 7933, 7072, 8046, 10171
1573, 7933, 7072, 8046, 10171, 12826
1574, 7072, 8046, 10171, 12826, 11227
1575, 8046, 10171, 12826, 11227, 8947
1576, 10171, 12826, 11227, 8947, 5441
1577, 12826, 11227, 8947, 5441, 3443
1578, 11227, 8947, 5441, 3443, 2406
1579, 8947, 5441, 3443, 2406, 1773
1580, 5441, 3443, 2406, 1773, 811
1581, 3443, 2406, 1773, 811, 1269
1582, 2406, 1773, 811, 1269, 3132
1583, 1773, 811, 1269, 3132, 10616
1584, 811, 1269, 3132, 10616, 18771
1585, 1269, 3132, 10616, 18771, 12119
1586, 3132, 10616, 18771, 12119, 8155
1587, 10616, 18771, 12119, 8155, 7117
1588, 18771, 12119, 8155, 7117, 7796
1589, 12119, 8155, 7117, 7796, 8265
1590, 8155, 7117, 7796, 8265, 7539
1591, 7117, 7796, 8265, 7539, 8625
1592, 7796, 8265, 7539, 8625, 10453
1593, 8265, 7539, 8625, 10453, 12956
1594, 7539, 8625, 10453, 12956, 11363
1595, 8625, 10453, 12956, 11363, 9511
1596, 10453, 12956, 11363, 9511, 5692
1597, 12956, 11363, 9511, 5692, 3299
1598, 11363, 9511, 5692, 3299, 2614
1599, 9511, 5692, 3299, 2614, 2111
1600, 5692, 3299, 2614, 2111, 919
1601, 3299, 2614, 2111, 919, 1281
1602, 2614, 2111, 919, 1281, 2858
1603, 2111, 919, 1281, 2858, 10337
1604, 919, 1281, 2858, 10337, 17232
1605, 1281, 2858, 10337, 17232, 11540
1606, 2858, 10337, 17232, 11540, 7295
1607, 10337, 17232, 11540, 7295, 6724
1608, 17232, 11540, 7295, 6724, 7956
1609, 11540, 7295, 6724, 7956, 8547
1610, 7295, 6724, 7956, 8547, 8456
1611, 6724, 7956, 8547, 8456, 8897
1612, 7956, 8547, 8456, 8897, 10254
1613, 8547, 8456, 8897, 10254, 13209
1614, 8456, 8897, 10254, 13209, 12087
1615, 8897, 10254, 13209, 12087, 9958
1616, 10254, 13209, 12087, 9958, 6317
1617, 13209, 12087, 9958, 6317, 4150
1618, 12087, 9958, 6317, 4150, 2688
1619, 9958, 6317, 4150, 2688, 2244
1620, 6317, 4150, 2688, 2244, 1088
1621, 4150, 2688, 2244, 1088, 1108
1622, 2688, 2244, 1088, 1108, 2982
1623, 2244, 1088, 1108, 2982, 10374
1624, 1088, 1108, 2982, 10374, 18080
1625, 1108, 2982, 10374, 18080, 11671
1626, 2982, 10374, 18080, 11671, 7460
1627, 10374, 18080, 11671, 7460, 6932
1628, 18080, 11671, 7460, 6932, 7650
1629, 11671, 7460, 6932, 7650, 8632
1630, 7460, 6932, 7650, 8632, 7929
1631, 6932, 7650, 8632, 7929, 8767
1632, 7650, 8632, 7929, 8767, 10622
1633, 8632, 7929, 8767, 10622, 12924
1634, 7929, 8767, 10622, 12924, 12888
1635, 8767, 10622, 12924, 12888, 9619
1636, 10622, 12924, 12888, 9619, 6328
1637, 12924, 12888, 9619, 6328, 3887
1638, 12888, 9619, 6328, 3887, 2838
1639, 9619, 6328, 3887, 2838, 2372
1640, 6328, 3887, 2838, 2372, 1222
1641, 3887, 2838, 2372, 1222, 1206
1642, 2838, 2372, 1222, 1206, 2975
1643, 2372, 1222, 1206, 2975, 9507
1644, 1222, 1206, 2975, 9507, 16190
1645, 1206, 2975, 9507, 16190, 11312
1646, 2975, 9507, 16190, 11312, 7649
1647, 9507, 16190, 11312, 7649, 7416
1648, 16190, 11312, 7649, 7416, 8280
1649, 11312, 7649, 7416, 8280, 8369
1650, 7649, 7416, 8280, 8369, 8417
1651, 7416, 8280, 8369, 8417, 9592
1652, 8280, 8369, 8417, 9592, 11692
1653, 8369, 8417, 9592, 11692, 13236
1654, 8417, 9592, 11692, 13236, 11182
1655, 9592, 11692, 13236, 11182, 9626
1656, 11692, 13236, 11182, 9626, 6651
1657, 13236, 11182, 9626, 6651, 4273
1658, 11182, 9626, 6651, 4273, 2977
1659, 9626, 6651, 4273, 2977, 2721
1660, 6651, 4273, 2977, 2721, 1495
1661, 4273, 2977, 2721, 1495, 663
1662, 2977, 2721, 1495, 663, 1291
1663, 2721, 1495, 663, 1291, 2604
1664, 1495, 663, 1291, 2604, 4242
1665, 663, 1291, 2604, 4242, 5496
1666, 1291, 2604, 4242, 5496, 6181
1667, 2604, 4242, 5496, 6181, 6569
1668, 4242, 5496, 6181, 6569, 6695
1669, 5496, 6181, 6569, 6695, 7396
1670, 6181, 6569, 6695, 7396, 8847
1671, 6569, 6695, 7396, 8847, 10308
1672, 6695, 7396, 8847, 10308, 10798
1673, 7396, 8847, 10308, 10798, 11470
1674, 8847, 10308, 10798, 11470, 9613
1675, 10308, 10798, 11470, 9613, 8759
1676, 10798, 11470, 9613, 8759, 5872
1677, 11470, 9613, 8759, 5872, 4225
1678, 9613, 8759, 5872, 4225, 2913
1679, 8759, 5872, 4225, 2913, 2856
1680, 5872, 4225, 2913, 2856, 1942
1681, 4225, 2913, 2856, 1942, 394
1682, 2913, 2856, 1942, 394, 624
1683, 2856, 1942, 394, 624, 901
1684, 1942, 394, 624, 901, 1383
1685, 394, 624, 901, 1383, 2293
1686, 624, 901, 1383, 2293, 3224
1687, 901, 1383, 2293, 3224, 4019
1688, 1383, 2293, 3224, 4019, 4821
1689, 2293, 3224, 4019, 4821, 4974
1690, 3224, 4019, 4821, 4974, 5278
1691, 4019, 4821, 4974, 5278, 5892
1692, 4821, 4974, 5278, 5892, 6088
1693, 4974, 5278, 5892, 6088, 6257
1694, 5278, 5892, 6088, 6257, 6459
1695, 5892, 6088, 6257, 6459, 6389
1696, 6088, 6257, 6459, 6389, 5274
1697, 6257, 6459, 6389, 5274, 3740
1698, 6459, 6389, 5274, 3740, 2511
1699, 6389, 5274, 3740, 2511, 2355
1700, 5274, 3740, 2511, 2355, 1847
1701, 3740, 2511, 2355, 1847, 384
1702, 2511, 2355, 1847, 384, 619
1703, 2355, 1847, 384, 619, 1020
1704, 1847, 384, 619, 1020, 1871
1705, 384, 619, 1020, 1871, 2198
1706, 619, 1020, 1871, 2198, 3108
1707, 1020, 1871, 2198, 3108, 3830
1708, 1871, 2198, 3108, 3830, 4631
1709, 2198, 3108, 3830, 4631, 5111
1710, 3108, 3830, 4631, 5111, 5618
1711, 3830, 4631, 5111, 5618, 6177
1712, 4631, 5111, 5618, 6177, 7150
1713, 5111, 5618, 6177, 7150, 7150
1714, 5618, 6177, 7150, 7150, 6073
1715, 6177, 7150, 7150, 6073, 5950
1716, 7150, 7150, 6073, 5950, 4290
1717, 7150, 6073, 5950, 4290, 3350
1718, 6073, 5950, 4290, 3350, 2246
1719, 5950, 4290, 3350, 2246, 1785
1720, 4290, 3350, 2246, 1785, 1239
1721, 3350, 2246, 1785, 1239, 996
1722, 2246, 1785, 1239, 996, 2776
1723, 1785, 1239, 996, 2776, 9270
1724, 1239, 996, 2776, 9270, 16592
1725, 996, 2776, 9270, 16592, 11324
1726, 2776, 9270, 16592, 11324, 7467
1727, 9270, 16592, 11324, 7467, 6720
1728, 16592, 11324, 7467, 6720, 7442
1729, 11324, 7467, 6720, 7442, 8184
1730, 7467, 6720, 7442, 8184, 7703
1731, 6720, 7442, 8184, 7703, 8135
1732, 7442, 8184, 7703, 8135, 10150
1733, 8184, 7703, 8135, 10150, 12992
1734, 7703, 8135, 10150, 12992, 11459
1735, 8135, 10150, 12992, 11459, 9003
1736, 10150, 12992, 11459, 9003, 5436
1737, 12992, 11459, 9003, 5436, 3259
1738, 11459, 9003, 5436, 3259, 2245
1739, 9003, 5436, 3259, 2245, 1889
